Ts = 1/10000;